image: attempt1.pgm
resolution: 0.050000
origin: [-6.511328, -8.371062, 0.000000]
negate: 0
occupied_thresh: 0.65
free_thresh: 0.196

