image: attempt2.pgm
resolution: 0.050000
origin: [-2.996707, -2.065646, 0.000000]
negate: 0
occupied_thresh: 0.65
free_thresh: 0.196

